Date,Abap,Ada,C/C++,C#,Cobol,Dart,Delphi,Go,Groovy,Haskell,Julia,Kotlin,Java,Javascript,Lua,Matlab,Objective-C,Perl,PHP,Python,R,Ruby,Rust,Scala,Swift,TypeScript,VBA,Visual Basic
January 2010,0.49,0.18,10.42,6.370000000000000,0.48,0,1.3600000000000000,0.01,0.32,0.32,0,0,28.560000000000000,7.7,0.49,3.0300000000000000,0.22,3.6900000000000000,18.29,6.54,1.1200000000000000,2.53,0.09,0.23000000000000000,0,0,2.21,5.35
February 2010,0.49,0.17000000000000000,10.79,6.32,0.47000000000000000,0,1.31,0.02,0.31,0.32,0,0,28.67,7.430000000000000,0.49,3.2,0.24,3.64,18.310000000000000,6.4400000000000000,1.1000000000000000,2.42,0.09,0.22,0,0,2.22,5.33
March 2010,0.51,0.17000000000000000,10.99,6.18,0.49,0,1.28,0.02,0.32,0.32,0,0,28.89,7.33,0.49,3.29,0.24,3.51,18.060000000000000,6.4,1.18,2.35,0.1,0.21,0,0,2.3,5.38
April 2010,0.54,0.18,11.26,6.1900000000000000,0.5,0,1.26,0.03,0.35000000000000000,0.32,0,0,28.860000000000000,7.3,0.49,3.3100000000000000,0.27,3.37,18.15,6.280000000000000,1.1400000000000000,2.2000000000000000,0.1,0.21,0,0,2.31,5.38
May 2010,0.58,0.18,11.48,6.17,0.52,0,1.26,0.03,0.36,0.32,0,0,28.690000000000000,7.290000000000000,0.51,3.3300000000000000,0.28000000000000000,3.26,18.14,6.2,1.22,2.19,0.11,0.22,0,0,2.36,5.320000000000000
June 2010,0.6,0.18,11.62,6.23,0.52,0,1.29,0.04,0.37,0.31,0,0,28.62,7.3,0.5,3.2800000000000000,0.28000000000000000,3.2400000000000000,18.100000000000000,6.21,1.1900000000000000,2.16,0.09,0.21,0,0,2.35,5.320000000000000
July 2010,0.61,0.18,11.52,6.280000000000000,0.53,0,1.27,0.03,0.36,0.27,0,0,28.77,7.28,0.47000000000000000,3.39,0.33,3.2200000000000000,18.08,6.12,1.15,2.12,0.1,0.21,0,0,2.4,5.320000000000000
August 2010,0.61,0.18,11.61,6.3100000000000000,0.54,0,1.23,0.03,0.34000000000000000,0.25,0,0,29.03,7.28,0.46000000000000000,3.3000000000000000,0.37,3.18,17.76,6.11,1.2,2.18,0.08,0.21,0,0,2.52,5.220000000000000
September 2010,0.62,0.19,11.72,6.3100000000000000,0.53,0,1.25,0.03,0.34000000000000000,0.26,0,0,29.09,7.22,0.47000000000000000,3.2200000000000000,0.47000000000000000,3.1300000000000000,17.64,6.2,1.15,2.2800000000000000,0.09,0.21,0,0,2.5100000000000000,5.09
October 2010,0.59,0.2,11.790000000000000,6.330000000000000,0.53,0,1.2,0.03,0.34000000000000000,0.26,0,0,29.04,7.17,0.48,3.2300000000000000,0.59,3.05,17.45,6.240000000000000,1.2,2.4,0.09,0.22,0,0,2.55,5.030000000000000
November 2010,0.5700000000000000,0.2,11.93,6.330000000000000,0.53,0,1.18,0.03,0.32,0.28000000000000000,0,0,29.32,7.07,0.46000000000000000,3.27,0.7000000000000000,2.97,17.25,6.23,1.1900000000000000,2.42,0.08,0.22,0,0,2.46,5
December 2010,0.5600000000000000,0.2,12.030000000000000,6.280000000000000,0.51,0,1.18,0.02,0.3,0.29,0,0,29.24,7.04,0.46000000000000000,3.2800000000000000,0.9300000000000000,2.86,17.080000000000000,6.280000000000000,1.27,2.53,0.08,0.23000000000000000,0,0,2.37,4.96
January 2011,0.54,0.19,12.35,6.260000000000000,0.48,0,1.16,0.02,0.28000000000000000,0.29,0,0,29.330000000000000,6.92,0.45000000000000000,3.16,1.03,2.74,16.920000000000000,6.530000000000000,1.29,2.5700000000000000,0.07000000000000000,0.25,0,0,2.2800000000000000,4.88
February 2011,0.53,0.21,12.45,6.23,0.46000000000000000,0.01,1.13,0.03,0.28000000000000000,0.29,0,0,29.220000000000000,6.950000000000000,0.45000000000000000,3.2300000000000000,1.23,2.65,16.84,6.75,1.28,2.54,0.07000000000000000,0.25,0,0,2.1,4.81
March 2011,0.51,0.2,12.560000000000000,6.29,0.45000000000000000,0.03,1.1000000000000000,0.02,0.27,0.27,0,0,28.860000000000000,7.04,0.45000000000000000,3.29,1.4000000000000000,2.58,16.8,6.800000000000000,1.29,2.56,0.06,0.23000000000000000,0,0,2.08,4.87
April 2011,0.53,0.19,12.540000000000000,6.25,0.45000000000000000,0.04,1.09,0.02,0.28000000000000000,0.27,0,0,28.89,7.050000000000000,0.44,3.2100000000000000,1.5600000000000000,2.6,16.79,6.77,1.31,2.52,0.06,0.24,0,0,2.03,4.8500000000000000
May 2011,0.5700000000000000,0.21,12.390000000000000,6.23,0.47000000000000000,0.05,1.1200000000000000,0.02,0.31,0.25,0,0,28.810000000000000,7.000000000000000,0.47000000000000000,3.1400000000000000,1.76,2.53,16.75,6.860000000000000,1.3600000000000000,2.5700000000000000,0.07000000000000000,0.26,0,0,1.9800000000000000,4.83
June 2011,0.5700000000000000,0.21,12.32,6.23,0.47000000000000000,0.07000000000000000,1.09,0.02,0.31,0.24,0,0,28.750000000000000,6.99,0.48,3.09,1.83,2.55,16.79,6.890000000000000,1.35,2.6600000000000000,0.06,0.27,0,0,1.9900000000000000,4.760000000000000
July 2011,0.62,0.22,12.27,6.240000000000000,0.48,0.08,1.11,0.03,0.33,0.24,0,0,28.310000000000000,7.08,0.5,3.15,2.07,2.55,16.7,6.83,1.37,2.71,0.06,0.26,0,0,2.04,4.77
August 2011,0.63,0.21,12.25,6.17,0.49,0.08,1.1000000000000000,0.03,0.35000000000000000,0.24,0,0,28.21,7.1500000000000000,0.52,3.0700000000000000,2.17,2.56,16.54,6.79,1.41,2.77,0.06,0.3,0,0,2.13,4.77
September 2011,0.66,0.23000000000000000,12.44,6.08,0.49,0.08,1.08,0.03,0.37,0.24,0,0,28.22,7.16,0.52,2.97,2.31,2.58,16.38,6.950000000000000,1.4200000000000000,2.67,0.06,0.31,0,0,2.11,4.62
October 2011,0.66,0.24,12.98,5.94,0.46000000000000000,0.09,1.03,0.03,0.36,0.23000000000000000,0,0,28.15,7.17,0.51,2.94,2.39,2.5100000000000000,16.04,7.200000000000000,1.46,2.69,0.05,0.33,0,0,2.09,4.46
November 2011,0.64,0.26,12.840000000000000,5.99,0.44,0.11,1,0.03,0.35000000000000000,0.26,0,0,27.85,7.19,0.5,2.97,2.77,2.52,15.880000000000000,7.33,1.46,2.69,0.05,0.35000000000000000,0,0,2.19,4.33
December 2011,0.63,0.26,12.58,6.0600000000000000,0.42,0.12,0.9200000000000000,0.03,0.35000000000000000,0.28000000000000000,0,0,27.76,7.290000000000000,0.49,3.0300000000000000,3.1300000000000000,2.4300000000000000,15.65,7.6,1.51,2.58,0.06,0.35000000000000000,0,0,2.26,4.2
January 2012,0.62,0.26,12.15,6.34,0.4,0.12,0.88,0.04,0.35000000000000000,0.29,0,0,27.87,7.32,0.5,3.09,3.4800000000000000,2.3800000000000000,15.440000000000000,7.740000000000000,1.5,2.5100000000000000,0.06,0.35000000000000000,0,0,2.2400000000000000,4.09
February 2012,0.62,0.25,11.64,6.76,0.41000000000000000,0.12,0.89,0.03,0.34000000000000000,0.29,0.01,0,27.62,7.2700000000000000,0.52,3.1400000000000000,3.85,2.33,15.460000000000000,7.82,1.52,2.48,0.07000000000000000,0.34000000000000000,0,0,2.25,3.9700000000000000
March 2012,0.63,0.23000000000000000,10.82,7.23,0.4,0.13,0.91,0.04,0.34000000000000000,0.29,0.03,0,27.68,7.23,0.5500000000000000,3.2100000000000000,4.03,2.25,15.290000000000000,7.91,1.55,2.55,0.07000000000000000,0.35000000000000000,0,0,2.3,3.9800000000000000
April 2012,0.63,0.23000000000000000,9.75,7.85,0.41000000000000000,0.14000000000000000,0.9200000000000000,0.03,0.35000000000000000,0.31,0.05,0,27.68,7.16,0.58,3.2800000000000000,4.34,2.21,15.22,7.9800000000000000,1.55,2.58,0.07000000000000000,0.35000000000000000,0,0,2.36,3.9700000000000000
May 2012,0.65,0.21,9.36,8.14,0.4,0.13,0.89,0.04,0.37,0.31,0.08,0,27.77,7.12,0.62,3.25,4.29,2.22,15.190000000000000,8.09,1.5700000000000000,2.6100000000000000,0.07000000000000000,0.35000000000000000,0,0,2.33,3.94
June 2012,0.64,0.21,9.120000000000000,8.470000000000000,0.38,0.13,0.91,0.05,0.38,0.28000000000000000,0.1,0,27.58,7.02,0.63,3.2400000000000000,4.45,2.2000000000000000,15.230000000000000,8.07,1.5600000000000000,2.67,0.07000000000000000,0.36,0,0,2.3,3.94
July 2012,0.7000000000000000,0.23000000000000000,8.86,8.7,0.41000000000000000,0.13,0.9300000000000000,0.06,0.41000000000000000,0.3,0.13,0,27.41,6.93,0.65,3.17,4.38,2.21,15.15,8.1,1.7000000000000000,2.75,0.08,0.4,0,0,2.34,3.88
August 2012,0.73,0.25,8.690000000000000,8.98,0.38,0.13,0.9300000000000000,0.07000000000000000,0.43,0.3,0.14000000000000000,0,27.27,7.000000000000000,0.66,3.15,4.4000000000000000,2.17,14.900000000000000,8.21,1.76,2.77,0.07000000000000000,0.41000000000000000,0,0,2.32,3.88
September 2012,0.7000000000000000,0.25,8.690000000000000,9.19,0.38,0.12,0.89,0.07000000000000000,0.45000000000000000,0.31,0.15,0.01,27.150000000000000,6.98,0.7000000000000000,3.1,4.51,2.18,14.800000000000000,8.23,1.79,2.79,0.08,0.42,0,0,2.26,3.7700000000000000
October 2012,0.7000000000000000,0.25,8.72,9.26,0.36,0.12,0.88,0.08,0.44,0.3,0.14000000000000000,0.01,26.97,7.01,0.7000000000000000,3.09,4.71,2.18,14.880000000000000,8.23,1.83,2.77,0.08,0.42,0,0,2.13,3.73
November 2012,0.69,0.24,8.81,9.41,0.33,0.11,0.83,0.08,0.41000000000000000,0.28000000000000000,0.14000000000000000,0.01,26.8,7.07,0.6800000000000000,3.0700000000000000,4.89,2.1,14.71,8.33,1.8600000000000000,2.82,0.09,0.42,0,0.02,2.11,3.6900000000000000
December 2012,0.7000000000000000,0.25,8.68,9.570000000000000,0.33,0.11,0.84,0.09,0.41000000000000000,0.29,0.15,0.01,26.840000000000000,7.1,0.69,3.09,4.87,2.13,14.500000000000000,8.44,1.9,2.78,0.1,0.42,0,0.03,2.09,3.6000000000000000
January 2013,0.65,0.25,8.790000000000000,9.59,0.31,0.12,0.8100000000000000,0.08,0.38,0.29,0.14000000000000000,0.01,26.85,7.050000000000000,0.7000000000000000,3.08,5.04,2.07,14.45,8.67,1.8800000000000000,2.78,0.09,0.41000000000000000,0,0.04,1.95,3.53
February 2013,0.6,0.24,8.72,9.59,0.3,0.12,0.77,0.08,0.37,0.29,0.14000000000000000,0.01,27.01,6.93,0.7000000000000000,3.1200000000000000,5.12,2.03,14.45,8.9,1.91,2.79,0.09,0.41000000000000000,0,0.05,1.8400000000000000,3.42
March 2013,0.62,0.24,8.55,9.56,0.3,0.13,0.8,0.08,0.39000000000000000,0.28000000000000000,0.14000000000000000,0.01,26.85,6.92,0.7000000000000000,3.18,5.35,1.96,14.42,9.02,1.9300000000000000,2.76,0.09,0.44,0,0.08,1.8500000000000000,3.35
April 2013,0.63,0.24,8.44,9.59,0.31,0.13,0.7800000000000000,0.09,0.39000000000000000,0.27,0.14000000000000000,0.01,26.790000000000000,7.03,0.7000000000000000,3.2200000000000000,5.36,1.92,14.26,9.22,1.9800000000000000,2.75,0.09,0.45000000000000000,0,0.09,1.8400000000000000,3.29
May 2013,0.61,0.24,8.25,9.81,0.33,0.13,0.7800000000000000,0.09,0.4,0.28000000000000000,0.13,0,26.63,7.110000000000000,0.7100000000000000,3.19,5.37,1.9,14.37,9.43,1.97,2.68,0.08,0.46000000000000000,0,0.08,1.7500000000000000,3.2
June 2013,0.58,0.23000000000000000,8.18,9.880000000000000,0.33,0.13,0.74,0.1,0.39000000000000000,0.28000000000000000,0.12,0,26.56,7.290000000000000,0.7000000000000000,3.1400000000000000,5.43,1.82,14.41,9.610000000000000,1.9800000000000000,2.7,0.07000000000000000,0.46000000000000000,0,0.08,1.63,3.1400000000000000
July 2013,0.59,0.22,7.95,10,0.33,0.13,0.73,0.1,0.39000000000000000,0.29,0.12,0,26.540000000000000,7.4000000000000000,0.69,3.15,5.48,1.83,14.31,9.71,1.97,2.69,0.08,0.46000000000000000,0,0.09,1.6500000000000000,3.09
August 2013,0.62,0.23000000000000000,7.93,9.99,0.34000000000000000,0.12,0.74,0.11,0.4,0.3,0.13,0,26.41,7.64,0.67,3.09,5.56,1.8500000000000000,14.11,9.68,1.9800000000000000,2.7200000000000000,0.08,0.5,0,0.1,1.63,3.06
September 2013,0.61,0.24,7.960000000000000,9.950000000000000,0.34000000000000000,0.12,0.69,0.11,0.37,0.3,0.14000000000000000,0.01,26.480000000000000,7.71,0.65,3.0300000000000000,5.55,1.82,14.01,9.87,2.01,2.7200000000000000,0.08,0.51,0,0.09,1.59,3.04
October 2013,0.6,0.24,7.93,9.98,0.33,0.11,0.66,0.11,0.37,0.29,0.14000000000000000,0,26.35,7.6,0.64,2.94,5.9800000000000000,1.79,13.91,9.91,2.03,2.78,0.09,0.54,0,0.1,1.58,2.98
November 2013,0.58,0.26,8.06,9.81,0.33,0.11,0.65,0.12,0.38,0.3,0.14000000000000000,0,26.56,7.6,0.61,3,6.12,1.78,13.61,9.9,2.08,2.73,0.08,0.5500000000000000,0,0.09,1.5600000000000000,3
December 2013,0.62,0.28000000000000000,8.130000000000000,9.81,0.32,0.12,0.66,0.12,0.41000000000000000,0.31,0.15,0,26.530000000000000,7.46,0.6,3.02,6.21,1.76,13.390000000000000,9.84,2.12,2.68,0.08,0.62,0,0.1,1.6400000000000000,3
January 2014,0.61,0.28000000000000000,8.17,9.76,0.33,0.14000000000000000,0.66,0.12,0.42,0.31,0.16,0,26.33,7.450000000000000,0.59,3.01,6.38,1.69,13.22,9.98,2.16,2.68,0.12,0.65,0,0.11,1.6500000000000000,3.0300000000000000
February 2014,0.61,0.31,8.18,9.66,0.34000000000000000,0.16,0.6800000000000000,0.14000000000000000,0.45000000000000000,0.34000000000000000,0.17000000000000000,0,26.25,7.360000000000000,0.63,3.0300000000000000,6.5,1.5,13.100000000000000,10.03,2.2000000000000000,2.6100000000000000,0.21,0.6800000000000000,0.07000000000000000,0.12,1.7000000000000000,2.97
March 2014,0.6,0.32,8.17,9.700000000000000,0.34000000000000000,0.18,0.69,0.14000000000000000,0.46000000000000000,0.35000000000000000,0.18,0,26.030000000000000,7.430000000000000,0.62,3.0700000000000000,6.68,1.35,13.020000000000000,9.99,2.22,2.6,0.26,0.6800000000000000,0.13,0.11,1.7000000000000000,2.98
April 2014,0.63,0.33,8.110000000000000,9.69,0.35000000000000000,0.2,0.7100000000000000,0.15,0.47000000000000000,0.37,0.19,0,26.21,7.51,0.62,3.09,6.370000000000000,1.21,13,10.060000000000000,2.2400000000000000,2.59,0.28000000000000000,0.66,0.19,0.11,1.73,2.96
May 2014,0.65,0.33,8.02,9.75,0.35000000000000000,0.21,0.74,0.16,0.48,0.37,0.2,0,26.040000000000000,7.540000000000000,0.67,3.01,6.39,1.04,13.03,10.15,2.2400000000000000,2.64,0.31,0.7000000000000000,0.26,0.12,1.73,2.88
June 2014,0.63,0.32,7.9400000000000000,9.75,0.37,0.2,0.7000000000000000,0.16,0.48,0.36,0.19,0,26.11,7.61,0.67,3.01,6.43,0.9000000000000000,13.04,10.27,2.32,2.62,0.33,0.66,0.32,0.12,1.69,2.8000000000000000
July 2014,0.64,0.33,7.89,9.73,0.34000000000000000,0.19,0.6800000000000000,0.18,0.48,0.34000000000000000,0.19,0,26.180000000000000,7.670000000000000,0.64,3.01,6.34,0.89,12.950000000000000,10.17,2.32,2.6600000000000000,0.31,0.66,0.7100000000000000,0.12,1.69,2.71
August 2014,0.62,0.28000000000000000,7.870000000000000,9.67,0.33,0.17000000000000000,0.63,0.17000000000000000,0.46000000000000000,0.31,0.18,0,26.41,7.6500000000000000,0.59,2.93,6.240000000000000,1,12.98,10.290000000000000,2.3,2.6600000000000000,0.24,0.65,0.9900000000000000,0.11,1.66,2.62
September 2014,0.63,0.28000000000000000,7.91,9.65,0.32,0.15,0.62,0.18,0.47000000000000000,0.3,0.17000000000000000,0,26.33,7.64,0.59,2.91,6.15,1.16,12.86,10.27,2.37,2.65,0.21,0.6800000000000000,1.24,0.11,1.6200000000000000,2.54
October 2014,0.58,0.28000000000000000,8.01,9.62,0.32,0.14000000000000000,0.62,0.19,0.45000000000000000,0.29,0.17000000000000000,0,26.07,7.630000000000000,0.5600000000000000,2.96,6.25,1.23,12.590000000000000,10.4,2.41,2.62,0.2,0.7100000000000000,1.5700000000000000,0.1,1.5600000000000000,2.48
November 2014,0.5700000000000000,0.28000000000000000,8.02,9.49,0.3,0.15,0.58,0.19,0.43,0.29,0.17000000000000000,0,25.94,7.57,0.5,3.05,6.34,1.28,12.3,10.47,2.53,2.58,0.18,0.7000000000000000,1.96,0.1,1.58,2.45
December 2014,0.58,0.31,8.04,9.29,0.31,0.14000000000000000,0.6,0.2,0.45000000000000000,0.31,0.18,0,25.81,7.48,0.51,3.0700000000000000,6.280000000000000,1.41,12.050000000000000,10.54,2.52,2.58,0.18,0.73,2.34,0.1,1.55,2.46
January 2015,0.59,0.32,8.08,9.22,0.33,0.14000000000000000,0.61,0.2,0.45000000000000000,0.33,0.19,0,25.760000000000000,7.430000000000000,0.54,3.0300000000000000,6.23,1.3600000000000000,12,10.71,2.59,2.56,0.18,0.73,2.42,0.1,1.51,2.42
February 2015,0.5700000000000000,0.35000000000000000,8.04,9.33,0.33,0.13,0.6,0.21,0.45000000000000000,0.33,0.18,0,25.540000000000000,7.41,0.54,3.1200000000000000,6.1900000000000000,1.31,11.86,10.86,2.65,2.53,0.2,0.7100000000000000,2.4900000000000000,0.11,1.47,2.4900000000000000
March 2015,0.5700000000000000,0.36,7.9800000000000000,9.33,0.33,0.14000000000000000,0.5700000000000000,0.22,0.46000000000000000,0.36,0.18,0,25.6,7.33,0.53,3.1400000000000000,5.96,1.27,11.82,11.14,2.68,2.53,0.19,0.72,2.59,0.11,1.47,2.41
April 2015,0.59,0.38,7.93,9.29,0.34000000000000000,0.14000000000000000,0.5700000000000000,0.23000000000000000,0.48,0.38,0.19,0,25.6,7.360000000000000,0.53,3.0700000000000000,5.7,1.31,11.87,11.25,2.73,2.52,0.2,0.74,2.62,0.13,1.5,2.34
May 2015,0.6,0.38,7.76,9.41,0.35000000000000000,0.12,0.5600000000000000,0.23000000000000000,0.5,0.39000000000000000,0.18,0,25.6,7.42,0.53,3.0700000000000000,5.52,1.3300000000000000,11.960000000000000,11.27,2.7200000000000000,2.5700000000000000,0.21,0.75,2.63,0.15,1.49,2.29
June 2015,0.59,0.36,7.75,9.56,0.32,0.12,0.5500000000000000,0.24,0.51,0.38,0.18,0,25.630000000000000,7.39,0.52,2.98,5.46,1.3300000000000000,11.960000000000000,11.33,2.8000000000000000,2.54,0.22,0.7800000000000000,2.59,0.17000000000000000,1.5600000000000000,2.18
July 2015,0.5600000000000000,0.35000000000000000,7.670000000000000,9.58,0.31,0.12,0.53,0.24,0.49,0.37,0.16,0,25.580000000000000,7.46,0.51,2.97,5.390000000000000,1.3300000000000000,11.91,11.41,2.8400000000000000,2.5700000000000000,0.22,0.83,2.69,0.19,1.59,2.1400000000000000
August 2015,0.58,0.34000000000000000,7.720000000000000,9.5,0.31,0.12,0.52,0.24,0.48,0.37,0.16,0,25.56,7.430000000000000,0.5,2.88,5.4,1.35,11.940000000000000,11.450000000000000,2.91,2.6100000000000000,0.2,0.86,2.73,0.2,1.6100000000000000,2.02
September 2015,0.6,0.34000000000000000,7.76,9.41,0.33,0.12,0.51,0.25,0.47000000000000000,0.35000000000000000,0.16,0,25.620000000000000,7.430000000000000,0.5,2.78,5.5,1.34,11.78,11.540000000000000,2.9000000000000000,2.6100000000000000,0.21,0.88,2.79,0.22,1.6200000000000000,1.9800000000000000
October 2015,0.6,0.32,7.7700000000000000,9.33,0.32,0.11,0.48,0.24,0.46000000000000000,0.33,0.15,0,25.670000000000000,7.37,0.51,2.81,5.56,1.29,11.66,11.63,2.92,2.64,0.22,0.91,2.8400000000000000,0.24,1.63,1.96
November 2015,0.58,0.32,7.86,9.29,0.33,0.12,0.48,0.26,0.45000000000000000,0.31,0.16,0,25.730000000000000,7.32,0.52,2.73,5.56,1.28,11.48,11.84,2.92,2.58,0.22,0.9300000000000000,2.9000000000000000,0.24,1.63,1.9800000000000000
December 2015,0.5500000000000000,0.31,7.85,9.21,0.32,0.12,0.44,0.26,0.43,0.31,0.16,0,25.6,7.470000000000000,0.5,2.8000000000000000,5.490000000000000,1.24,11.43,12.050000000000000,2.94,2.6100000000000000,0.2,0.9300000000000000,3,0.24,1.5700000000000000,1.96
January 2016,0.5600000000000000,0.32,7.970000000000000,9.1,0.33,0.13,0.45000000000000000,0.3,0.43,0.33,0.18,0,25.55,7.5200000000000000,0.52,2.81,5.46,1.25,11.29,12.120000000000000,2.9500000000000000,2.5100000000000000,0.22,0.95,2.96,0.3,1.5600000000000000,1.94
February 2016,0.53,0.33,7.93,8.97,0.32,0.13,0.46000000000000000,0.31,0.43,0.33,0.19,0.01,25.290000000000000,7.57,0.53,2.88,5.4400000000000000,1.21,11.16,12.32,2.97,2.48,0.25,1.04,3.11,0.35000000000000000,1.55,1.9300000000000000
March 2016,0.48,0.31,7.89,8.95,0.27,0.12,0.44,0.3,0.41000000000000000,0.32,0.19,0.02,24.98,7.66,0.52,2.97,5.46,1.15,11.18,12.520000000000000,3.06,2.44,0.25,1.04,3.2200000000000000,0.37,1.53,1.94
April 2016,0.45000000000000000,0.32,7.7300000000000000,8.92,0.27,0.12,0.43,0.32,0.4,0.33,0.2,0.03,24.68,7.780000000000000,0.53,3.02,5.41,1.15,11.21,12.660000000000000,3.18,2.41,0.25,1.05,3.29,0.43,1.52,1.9300000000000000
May 2016,0.42,0.31,7.720000000000000,8.960000000000000,0.25,0.11,0.39000000000000000,0.31,0.38,0.31,0.19,0.04,24.610000000000000,7.830000000000000,0.5,2.9900000000000000,5.4400000000000000,1.0700000000000000,11.18,12.86,3.2400000000000000,2.3800000000000000,0.25,1.03,3.44,0.48,1.47,1.82
June 2016,0.44,0.35000000000000000,7.66,8.91,0.27,0.11,0.42,0.35000000000000000,0.38,0.31,0.2,0.05,24.32,7.780000000000000,0.54,2.93,5.510000000000000,1.02,11.07,13.08,3.32,2.32,0.27,1.05,3.54,0.5600000000000000,1.4500000000000000,1.77
July 2016,0.44,0.34000000000000000,7.53,8.95,0.26,0.1,0.39000000000000000,0.34000000000000000,0.37,0.31,0.17000000000000000,0.07000000000000000,24.27,7.7300000000000000,0.51,2.8900000000000000,5.58,0.9400000000000000,11,13.490000000000000,3.4100000000000000,2.32,0.27,1.03,3.58,0.58,1.41,1.7000000000000000
August 2016,0.45000000000000000,0.36,7.490000000000000,8.99,0.28000000000000000,0.1,0.39000000000000000,0.37,0.38,0.29,0.19,0.08,24.3,7.8,0.51,2.78,5.53,0.9000000000000000,10.89,13.750000000000000,3.4000000000000000,2.3,0.26,0.97,3.5900000000000000,0.6,1.4000000000000000,1.6500000000000000
September 2016,0.46000000000000000,0.42,7.46,8.960000000000000,0.29,0.11,0.39000000000000000,0.4,0.39000000000000000,0.3,0.19,0.09,24.310000000000000,7.7300000000000000,0.53,2.74,5.41,0.9000000000000000,10.82,13.890000000000000,3.4300000000000000,2.3,0.28000000000000000,0.97,3.53,0.66,1.4200000000000000,1.6100000000000000
October 2016,0.45000000000000000,0.44,7.61,8.93,0.29,0.11,0.38,0.41000000000000000,0.39000000000000000,0.29,0.19,0.1,24.18,7.6900000000000000,0.5,2.67,5.55,0.86,10.620000000000000,14.08,3.45,2.27,0.28000000000000000,0.9900000000000000,3.53,0.73,1.43,1.6
November 2016,0.48,0.47000000000000000,7.57,8.76,0.31,0.12,0.42,0.44,0.42,0.31,0.2,0.11,23.86,7.780000000000000,0.54,2.71,5.41,0.8500000000000000,10.460000000000000,14.35,3.51,2.2400000000000000,0.32,1.06,3.44,0.8100000000000000,1.4500000000000000,1.6
December 2016,0.48,0.48,7.64,8.67,0.31,0.13,0.38,0.46000000000000000,0.42,0.32,0.2,0.12,23.850000000000000,7.88,0.51,2.7200000000000000,5.25,0.8500000000000000,10.31,14.59,3.56,2.2000000000000000,0.33,1.09,3.36,0.8700000000000000,1.44,1.6100000000000000
January 2017,0.46000000000000000,0.49,7.7300000000000000,8.57,0.3,0.13,0.38,0.47000000000000000,0.42,0.31,0.22,0.12,23.5,7.970000000000000,0.5,2.7,5.08,0.8500000000000000,10.24,15,3.55,2.18,0.33,1.13,3.47,0.9200000000000000,1.4000000000000000,1.59
February 2017,0.46000000000000000,0.48,7.71,8.52,0.29,0.13,0.38,0.5,0.43,0.32,0.22,0.12,23.200000000000000,7.95,0.51,2.8000000000000000,4.97,0.8500000000000000,10.07,15.36,3.64,2.1400000000000000,0.34000000000000000,1.16,3.45,1,1.4200000000000000,1.59
March 2017,0.47000000000000000,0.43,7.55,8.49,0.29,0.12,0.37,0.51,0.43,0.33,0.22,0.12,23.06,8.07,0.5,2.73,4.82,0.84,9.87,15.960000000000000,3.7200000000000000,2.09,0.35000000000000000,1.1900000000000000,3.51,1.06,1.38,1.55
April 2017,0.46000000000000000,0.41000000000000000,7.37,8.44,0.28000000000000000,0.13,0.36,0.54,0.43,0.33,0.21,0.12,22.95,8.17,0.5,2.69,4.570000000000000,0.83,9.82,16.510000000000000,3.83,2.03,0.35000000000000000,1.23,3.49,1.08,1.35,1.52
May 2017,0.46000000000000000,0.42,7.32,8.38,0.3,0.12,0.34000000000000000,0.58,0.43,0.33,0.21,0.12,22.79,8.19,0.49,2.64,4.43,0.83,9.76,16.950000000000000,3.93,2.03,0.34000000000000000,1.23,3.46,1.1200000000000000,1.35,1.46
June 2017,0.44,0.41000000000000000,7.12,8.28,0.3,0.12,0.32,0.59,0.42,0.32,0.21,0.27,22.61,8.17,0.48,2.53,4.36,0.8100000000000000,9.6,17.560000000000000,3.9600000000000000,2.04,0.35000000000000000,1.26,3.51,1.16,1.38,1.4200000000000000
July 2017,0.45000000000000000,0.42,6.960000000000000,8.17,0.34000000000000000,0.13,0.33,0.64,0.44,0.32,0.24,0.41000000000000000,22.46,8.14,0.5,2.54,4.33,0.83,9.29,17.73,4.09,2.02,0.36,1.32,3.47,1.22,1.4500000000000000,1.4200000000000000
August 2017,0.47000000000000000,0.43,6.8500000000000000,8.01,0.35000000000000000,0.12,0.32,0.65,0.44,0.33,0.24,0.51,22.48,8.21,0.47000000000000000,2.42,4.24,0.8100000000000000,9.15,18.14,4.15,1.9900000000000000,0.37,1.34,3.45,1.26,1.44,1.3600000000000000
September 2017,0.49,0.45000000000000000,6.820000000000000,7.9400000000000000,0.38,0.13,0.33,0.66,0.45000000000000000,0.33,0.25,0.59,22.28,8.220000000000000,0.45000000000000000,2.36,4.19,0.8,9,18.47,4.19,1.96,0.38,1.35,3.4300000000000000,1.3,1.47,1.32
October 2017,0.5,0.47000000000000000,6.7,7.9,0.43,0.13,0.34000000000000000,0.67,0.47000000000000000,0.36,0.26,0.69,22.220000000000000,8.14,0.44,2.35,4.1000000000000000,0.8,8.77,18.9,4.110000000000000,1.94,0.39000000000000000,1.34,3.45,1.3600000000000000,1.49,1.28
November 2017,0.53,0.44,6.58,7.85,0.4,0.13,0.36,0.6800000000000000,0.48,0.36,0.26,0.84,22.220000000000000,8.16,0.42,2.2800000000000000,4.07,0.8100000000000000,8.560000000000000,19.29,4.1000000000000000,1.9,0.41000000000000000,1.32,3.42,1.37,1.49,1.29
December 2017,0.54,0.41000000000000000,6.620000000000000,7.8,0.39000000000000000,0.12,0.35000000000000000,0.69,0.48,0.35000000000000000,0.26,0.8200000000000000,22.190000000000000,8.21,0.41000000000000000,2.2800000000000000,4.02,0.8100000000000000,8.460000000000000,19.67,4.16,1.82,0.39000000000000000,1.27,3.32,1.39,1.48,1.27
January 2018,0.52,0.37,6.5,7.8100000000000000,0.37,0.1,0.34000000000000000,0.7000000000000000,0.49,0.36,0.22,0.8,22.24,8.3,0.4,2.25,3.8700000000000000,0.79,8.5,20.29,4.17,1.78,0.38,1.22,3.15,1.4000000000000000,1.43,1.24
February 2018,0.52,0.36,6.41,7.89,0.36,0.11,0.32,0.72,0.49,0.35000000000000000,0.21,0.8200000000000000,22.010000000000000,8.33,0.4,2.3,3.7900000000000000,0.8100000000000000,8.4,20.810000000000000,4.15,1.7400000000000000,0.37,1.1900000000000000,3.05,1.4200000000000000,1.4200000000000000,1.25
March 2018,0.51,0.34000000000000000,6.29,7.84,0.33,0.11,0.3,0.75,0.5,0.34000000000000000,0.19,0.88,22.02,8.35,0.4,2.33,3.7200000000000000,0.79,8.24,21.29,4.16,1.73,0.36,1.17,2.96,1.4500000000000000,1.39,1.26
April 2018,0.52,0.31,6.23,7.8100000000000000,0.31,0.13,0.27,0.7800000000000000,0.49,0.31,0.18,0.9200000000000000,22.05,8.42,0.4,2.2800000000000000,3.6000000000000000,0.77,8.17,21.75,4.19,1.69,0.36,1.15,2.86,1.4500000000000000,1.3600000000000000,1.24
May 2018,0.51,0.32,6.21,7.76,0.3,0.14000000000000000,0.24,0.8,0.48,0.3,0.17000000000000000,0.9000000000000000,21.91,8.38,0.39000000000000000,2.25,3.4800000000000000,0.77,8.12,22.45,4.16,1.6500000000000000,0.34000000000000000,1.17,2.78,1.4500000000000000,1.3600000000000000,1.22
June 2018,0.51,0.36,6.01,7.75,0.34000000000000000,0.17000000000000000,0.26,0.84,0.48,0.32,0.18,0.91,21.83,8.35,0.41000000000000000,2.2400000000000000,3.37,0.75,8.03,22.89,4.07,1.6500000000000000,0.36,1.17,2.73,1.46,1.37,1.21
July 2018,0.53,0.35000000000000000,5.9800000000000000,7.7700000000000000,0.33,0.18,0.24,0.86,0.48,0.3,0.18,0.9300000000000000,21.710000000000000,8.3,0.38,2.18,3.32,0.74,7.82,23.380000000000000,4.05,1.6200000000000000,0.35000000000000000,1.2,2.76,1.48,1.4000000000000000,1.2
August 2018,0.54,0.33,6.01,7.740000000000000,0.31,0.19,0.23000000000000000,0.8700000000000000,0.49,0.29,0.17000000000000000,0.98,21.740000000000000,8.310000000000000,0.36,2.1,3.27,0.73,7.66,23.75,4.03,1.5700000000000000,0.35000000000000000,1.2,2.7,1.49,1.4200000000000000,1.17
September 2018,0.54,0.33,6.05,7.6900000000000000,0.33,0.2,0.23000000000000000,0.91,0.48,0.28000000000000000,0.22,0.98,21.65,8.200000000000000,0.36,2.03,3.2300000000000000,0.7100000000000000,7.51,24.19,4,1.58,0.35000000000000000,1.21,2.67,1.49,1.43,1.13
October 2018,0.54,0.33,6.1,7.62,0.32,0.2,0.25,0.9400000000000000,0.49,0.29,0.22,1.01,21.490000000000000,8.17,0.37,2.01,3.2100000000000000,0.7100000000000000,7.4000000000000000,24.51,3.9600000000000000,1.59,0.35000000000000000,1.22,2.6100000000000000,1.49,1.4500000000000000,1.1400000000000000
November 2018,0.53,0.34000000000000000,6.12,7.57,0.32,0.2,0.24,0.95,0.5,0.28000000000000000,0.23000000000000000,1.0700000000000000,21.350000000000000,8.14,0.38,1.9900000000000000,3.15,0.67,7.23,24.94,3.94,1.5700000000000000,0.36,1.22,2.59,1.53,1.4500000000000000,1.1400000000000000
December 2018,0.5500000000000000,0.33,6.1900000000000000,7.540000000000000,0.29,0.2,0.24,0.97,0.52,0.28000000000000000,0.25,1.09,21.13,8.15,0.39000000000000000,1.97,3.1400000000000000,0.67,7.17,25.19,3.95,1.53,0.38,1.1900000000000000,2.59,1.55,1.4200000000000000,1.13
January 2019,0.5600000000000000,0.34000000000000000,6.18,7.470000000000000,0.31,0.24,0.27,1.02,0.51,0.3,0.27,1.1200000000000000,20.980000000000000,8.09,0.4,1.9900000000000000,3.08,0.66,7.22,25.41,3.9600000000000000,1.5,0.43,1.16,2.5100000000000000,1.54,1.39,1.11
February 2019,0.5600000000000000,0.34000000000000000,6.12,7.37,0.31,0.25,0.26,1.0700000000000000,0.5,0.29,0.27,1.13,20.82,8.09,0.39000000000000000,1.9800000000000000,3.02,0.63,7.200000000000000,25.8,3.9600000000000000,1.48,0.44,1.16,2.4700000000000000,1.5700000000000000,1.38,1.13
March 2019,0.5600000000000000,0.35000000000000000,6.05,7.32,0.31,0.25,0.27,1.08,0.5,0.29,0.25,1.15,20.560000000000000,8.17,0.41000000000000000,2.03,2.91,0.64,7.19,26.170000000000000,3.9700000000000000,1.4200000000000000,0.47000000000000000,1.1400000000000000,2.4300000000000000,1.6,1.35,1.15
April 2019,0.5600000000000000,0.35000000000000000,6,7.31,0.31,0.26,0.25,1.06,0.48,0.27,0.25,1.18,20.350000000000000,8.260000000000000,0.4,1.9900000000000000,2.83,0.63,7.1500000000000000,26.700000000000000,3.95,1.37,0.5,1.1200000000000000,2.4,1.6200000000000000,1.31,1.1200000000000000
May 2019,0.5500000000000000,0.35000000000000000,5.94,7.3,0.31,0.29,0.27,1.1200000000000000,0.49,0.31,0.25,1.21,20.150000000000000,8.25,0.38,2,2.81,0.63,7.08,26.840000000000000,4.02,1.37,0.5600000000000000,1.1200000000000000,2.3800000000000000,1.63,1.3,1.09
June 2019,0.5600000000000000,0.36,5.86,7.2700000000000000,0.32,0.33,0.26,1.13,0.49,0.3,0.25,1.32,20.05,8.220000000000000,0.36,1.94,2.76,0.61,6.93,27.26,3.9900000000000000,1.37,0.5500000000000000,1.13,2.34,1.68,1.3,1.0700000000000000
July 2019,0.54,0.36,5.82,7.2700000000000000,0.31,0.32,0.26,1.15,0.48,0.29,0.25,1.39,19.8,8.24,0.38,1.8900000000000000,2.73,0.59,6.7,27.800000000000000,3.8700000000000000,1.37,0.5600000000000000,1.11,2.4,1.7500000000000000,1.29,1.0700000000000000
August 2019,0.52,0.38,5.75,7.290000000000000,0.32,0.34000000000000000,0.26,1.17,0.5,0.29,0.26,1.44,19.580000000000000,8.15,0.38,1.8400000000000000,2.62,0.58,6.49,28.34,3.83,1.4000000000000000,0.63,1.1000000000000000,2.4,1.77,1.32,1.04
September 2019,0.51,0.37,5.76,7.28,0.31,0.36,0.26,1.17,0.51,0.29,0.28000000000000000,1.54,19.45,8.08,0.36,1.78,2.63,0.5500000000000000,6.34,28.690000000000000,3.7800000000000000,1.4200000000000000,0.66,1.09,2.42,1.79,1.32,1.01
October 2019,0.5,0.36,5.86,7.28,0.32,0.37,0.25,1.21,0.49,0.29,0.27,1.59,19.3,8.06,0.36,1.8000000000000000,2.63,0.54,6.18,28.89,3.7800000000000000,1.4200000000000000,0.64,1.08,2.4300000000000000,1.81,1.31,0.98
November 2019,0.5,0.36,5.87,7.31,0.32,0.37,0.24,1.2,0.46000000000000000,0.28000000000000000,0.27,1.6400000000000000,19.3,8.12,0.34000000000000000,1.76,2.58,0.5500000000000000,6.0600000000000000,29.23,3.6800000000000000,1.4000000000000000,0.61,1.03,2.42,1.83,1.31,0.96
December 2019,0.49,0.33,5.91,7.32,0.31,0.37,0.23000000000000000,1.24,0.44,0.28000000000000000,0.27,1.6100000000000000,19.11,8.110000000000000,0.32,1.78,2.54,0.52,6.0600000000000000,29.49,3.6700000000000000,1.37,0.63,1.05,2.41,1.83,1.35,0.95
January 2020,0.49,0.33,5.91,7.28,0.31,0.41000000000000000,0.22,1.24,0.43,0.28000000000000000,0.26,1.6200000000000000,19.02,8.19,0.31,1.79,2.46,0.53,6.09,29.69,3.71,1.32,0.66,1.01,2.35,1.79,1.35,0.91
February 2020,0.48,0.3,5.93,7.26,0.31,0.43,0.23000000000000000,1.26,0.4,0.29,0.29,1.58,18.92,8.25,0.32,1.79,2.4300000000000000,0.5,6.11,29.960000000000000,3.71,1.29,0.63,0.9900000000000000,2.31,1.83,1.31,0.9000000000000000
March 2020,0.49,0.32,5.92,7.23,0.29,0.43,0.24,1.29,0.4,0.28000000000000000,0.28000000000000000,1.53,18.87,8.260000000000000,0.33,1.79,2.35,0.52,6.09,30.25,3.73,1.25,0.58,0.98,2.26,1.83,1.29,0.9000000000000000
April 2020,0.5,0.35000000000000000,5.81,7.1500000000000000,0.28000000000000000,0.46000000000000000,0.27,1.29,0.41000000000000000,0.28000000000000000,0.29,1.53,18.61,8.16,0.37,1.7500000000000000,2.33,0.51,6.04,30.600000000000000,3.7800000000000000,1.27,0.64,0.9900000000000000,2.2400000000000000,1.8500000000000000,1.34,0.91
May 2020,0.49,0.38,5.7,7.02,0.39000000000000000,0.51,0.31,1.32,0.44,0.27,0.33,1.49,18.09,8.12,0.41000000000000000,1.7000000000000000,2.39,0.47000000000000000,5.93,31.05,3.95,1.25,0.67,0.9900000000000000,2.25,1.9,1.3,0.88
June 2020,0.46000000000000000,0.43,5.6900000000000000,6.860000000000000,0.39000000000000000,0.51,0.31,1.35,0.43,0.26,0.41000000000000000,1.49,17.71,8.18,0.46000000000000000,1.67,2.44,0.49,5.81,31.420000000000000,3.9800000000000000,1.25,0.76,0.96,2.27,1.8900000000000000,1.24,0.86
July 2020,0.43,0.47000000000000000,5.7700000000000000,6.69,0.38,0.49,0.32,1.38,0.45000000000000000,0.25,0.44,1.5,17.26,8.18,0.49,1.6400000000000000,2.53,0.49,5.75,31.830000000000000,4,1.25,0.84,0.95,2.27,1.9300000000000000,1.21,0.84
August 2020,0.42,0.51,5.800000000000000,6.6000000000000000,0.39000000000000000,0.51,0.32,1.41,0.46000000000000000,0.27,0.42,1.5600000000000000,16.88,8.260000000000000,0.53,1.6200000000000000,2.69,0.52,5.7700000000000000,31.69,4.08,1.23,0.91,0.9400000000000000,2.31,1.9,1.17,0.8100000000000000
September 2020,0.41000000000000000,0.52,5.800000000000000,6.5,0.43,0.5700000000000000,0.31,1.44,0.46000000000000000,0.29,0.46000000000000000,1.6100000000000000,16.400000000000000,8.38,0.58,1.6500000000000000,2.79,0.51,5.8500000000000000,31.56,4.08,1.22,1.01,0.9300000000000000,2.35,1.92,1.16,0.79